                             SDOCK2.0
  Global Protein-Protein Docking Using Stepwise Force-Field Potentials   
 Copyright (c) 2024 Molecular design lab in Peking university, Beijing, China

 preprocess: preprocess the origin protein structure file (PDB format) to the SDOCK input file

==> The input file 1AY7/1AY7_r_u.pdb is successfully processed to 1AY7/1AY7R.pdb now!
                             SDOCK2.0
  Global Protein-Protein Docking Using Stepwise Force-Field Potentials   
 Copyright (c) 2024 Molecular design lab in Peking university, Beijing, China

 preprocess: preprocess the origin protein structure file (PDB format) to the SDOCK input file

==> The input file 1AY7/1AY7_l_u.pdb is successfully processed to 1AY7/1AY7L.pdb now!
                             SDOCK2.0
  Global Protein-Protein Docking Using Stepwise Force-Field Potentials   
 Copyright (c) 2024 Molecular design lab in Peking university, Beijing, China

 watmap: build the water map on the protein surface
generate mattergrid
generate HBgrid
generate pocketgrid
generate watenegrid
print pocket water 1AY7/1AY7Rwat.pdb!
                             SDOCK2.0
  Global Protein-Protein Docking Using Stepwise Force-Field Potentials   
 Copyright (c) 2024 Molecular design lab in Peking university, Beijing, China

 watmap: build the water map on the protein surface
generate mattergrid
generate HBgrid
generate pocketgrid
generate watenegrid
print pocket water 1AY7/1AY7Lwat.pdb!
                             SDOCK2.0
  Global Protein-Protein Docking Using Stepwise Force-Field Potentials   
 Copyright (c) 2024 Molecular design lab in Peking university, Beijing, China

 sdock: protein-protein docking and save results.
  0.02
  0.13
  0.25
  0.36
  0.48
  0.59
  0.70
  0.82
  0.93
  1.05
  1.16
  1.27
  1.39
  1.50
  1.62
  1.73
  1.85
  1.96
  2.07
  2.19
  2.30
  2.42
  2.53
  2.64
  2.76
  2.87
  2.99
  3.10
  3.22
  3.33
  3.44
  3.56
  3.67
  3.79
  3.90
  4.01
  4.13
  4.24
  4.36
  4.47
  4.59
  4.70
  4.81
  4.93
  5.04
  5.16
  5.27
  5.38
  5.50
  5.61
  5.73
  5.84
  5.96
  6.07
  6.18
  6.30
  6.41
  6.53
  6.64
  6.75
  6.87
  6.98
  7.10
  7.21
  7.32
  7.44
  7.55
  7.67
  7.78
  7.90
  8.01
  8.12
  8.24
  8.35
  8.47
  8.58
  8.69
  8.81
  8.92
  9.04
  9.15
  9.27
  9.38
  9.49
  9.61
  9.72
  9.84
  9.95
 10.06
 10.18
 10.29
 10.41
 10.52
 10.64
 10.75
 10.86
 10.98
 11.09
 11.21
 11.32
 11.43
 11.55
 11.66
 11.78
 11.89
 12.01
 12.12
 12.23
 12.35
 12.46
 12.58
 12.69
 12.80
 12.92
 13.03
 13.15
 13.26
 13.38
 13.49
 13.60
 13.72
 13.83
 13.95
 14.06
 14.17
 14.29
 14.40
 14.52
 14.63
 14.75
 14.86
 14.97
 15.09
 15.20
 15.32
 15.43
 15.54
 15.66
 15.77
 15.89
 16.00
 16.11
 16.23
 16.34
 16.46
 16.57
 16.69
 16.80
 16.91
 17.03
 17.14
 17.26
 17.37
 17.48
 17.60
 17.71
 17.83
 17.94
 18.06
 18.17
 18.28
 18.40
 18.51
 18.63
 18.74
 18.85
 18.97
 19.08
 19.20
 19.31
 19.43
 19.54
 19.65
 19.77
 19.88
 20.00
 20.11
 20.22
 20.34
 20.45
 20.57
 20.68
 20.80
 20.91
 21.02
 21.14
 21.25
 21.37
 21.48
 21.59
 21.71
 21.82
 21.94
 22.05
 22.17
 22.28
 22.39
 22.51
 22.62
 22.74
 22.85
 22.96
 23.08
 23.19
 23.31
 23.42
 23.54
 23.65
 23.76
 23.88
 23.99
 24.11
 24.22
 24.33
 24.45
 24.56
 24.68
 24.79
 24.90
 25.02
 25.13
 25.25
 25.36
 25.48
 25.59
 25.70
 25.82
 25.93
 26.05
 26.16
 26.27
 26.39
 26.50
 26.62
 26.73
 26.85
 26.96
 27.07
 27.19
 27.30
 27.42
 27.53
 27.64
 27.76
 27.87
 27.99
 28.10
 28.22
 28.33
 28.44
 28.56
 28.67
 28.79
 28.90
 29.01
 29.13
 29.24
 29.36
 29.47
 29.59
 29.70
 29.81
 29.93
 30.04
 30.16
 30.27
 30.38
 30.50
 30.61
 30.73
 30.84
 30.96
 31.07
 31.18
 31.30
 31.41
 31.53
 31.64
 31.75
 31.87
 31.98
 32.10
 32.21
 32.32
 32.44
 32.55
 32.67
 32.78
 32.90
 33.01
 33.12
 33.24
 33.35
 33.47
 33.58
 33.69
 33.81
 33.92
 34.04
 34.15
 34.27
 34.38
 34.49
 34.61
 34.72
 34.84
 34.95
 35.06
 35.18
 35.29
 35.41
 35.52
 35.64
 35.75
 35.86
 35.98
 36.09
 36.21
 36.32
 36.43
 36.55
 36.66
 36.78
 36.89
 37.01
 37.12
 37.23
 37.35
 37.46
 37.58
 37.69
 37.80
 37.92
 38.03
 38.15
 38.26
 38.38
 38.49
 38.60
 38.72
 38.83
 38.95
 39.06
 39.17
 39.29
 39.40
 39.52
 39.63
 39.75
 39.86
 39.97
 40.09
 40.20
 40.32
 40.43
 40.54
 40.66
 40.77
 40.89
 41.00
 41.11
 41.23
 41.34
 41.46
 41.57
 41.69
 41.80
 41.91
 42.03
 42.14
 42.26
 42.37
 42.48
 42.60
 42.71
 42.83
 42.94
 43.06
 43.17
 43.28
 43.40
 43.51
 43.63
 43.74
 43.85
 43.97
 44.08
 44.20
 44.31
 44.43
 44.54
 44.65
 44.77
 44.88
 45.00
 45.11
 45.22
 45.34
 45.45
 45.57
 45.68
 45.80
 45.91
 46.02
 46.14
 46.25
 46.37
 46.48
 46.59
 46.71
 46.82
 46.94
 47.05
 47.17
 47.28
 47.39
 47.51
 47.62
 47.74
 47.85
 47.96
 48.08
 48.19
 48.31
 48.42
 48.54
 48.65
 48.76
 48.88
 48.99
 49.11
 49.22
 49.33
 49.45
 49.56
 49.68
 49.79
 49.90
 50.02
 50.13
 50.25
 50.36
 50.48
 50.59
 50.70
 50.82
 50.93
 51.05
 51.16
 51.27
 51.39
 51.50
 51.62
 51.73
 51.85
 51.96
 52.07
 52.19
 52.30
 52.42
 52.53
 52.64
 52.76
 52.87
 52.99
 53.10
 53.22
 53.33
 53.44
 53.56
 53.67
 53.79
 53.90
 54.01
 54.13
 54.24
 54.36
 54.47
 54.59
 54.70
 54.81
 54.93
 55.04
 55.16
 55.27
 55.38
 55.50
 55.61
 55.73
 55.84
 55.96
 56.07
 56.18
 56.30
 56.41
 56.53
 56.64
 56.75
 56.87
 56.98
 57.10
 57.21
 57.32
 57.44
 57.55
 57.67
 57.78
 57.90
 58.01
 58.12
 58.24
 58.35
 58.47
 58.58
 58.69
 58.81
 58.92
 59.04
 59.15
 59.27
 59.38
 59.49
 59.61
 59.72
 59.84
 59.95
 60.06
 60.18
 60.29
 60.41
 60.52
 60.64
 60.75
 60.86
 60.98
 61.09
 61.21
 61.32
 61.43
 61.55
 61.66
 61.78
 61.89
 62.01
 62.12
 62.23
 62.35
 62.46
 62.58
 62.69
 62.80
 62.92
 63.03
 63.15
 63.26
 63.38
 63.49
 63.60
 63.72
 63.83
 63.95
 64.06
 64.17
 64.29
 64.40
 64.52
 64.63
 64.75
 64.86
 64.97
 65.09
 65.20
 65.32
 65.43
 65.54
 65.66
 65.77
 65.89
 66.00
 66.11
 66.23
 66.34
 66.46
 66.57
 66.69
 66.80
 66.91
 67.03
 67.14
 67.26
 67.37
 67.48
 67.60
 67.71
 67.83
 67.94
 68.06
 68.17
 68.28
 68.40
 68.51
 68.63
 68.74
 68.85
 68.97
 69.08
 69.20
 69.31
 69.43
 69.54
 69.65
 69.77
 69.88
 70.00
 70.11
 70.22
 70.34
 70.45
 70.57
 70.68
 70.80
 70.91
 71.02
 71.14
 71.25
 71.37
 71.48
 71.59
 71.71
 71.82
 71.94
 72.05
 72.17
 72.28
 72.39
 72.51
 72.62
 72.74
 72.85
 72.96
 73.08
 73.19
 73.31
 73.42
 73.54
 73.65
 73.76
 73.88
 73.99
 74.11
 74.22
 74.33
 74.45
 74.56
 74.68
 74.79
 74.90
 75.02
 75.13
 75.25
 75.36
 75.48
 75.59
 75.70
 75.82
 75.93
 76.05
 76.16
 76.27
 76.39
 76.50
 76.62
 76.73
 76.85
 76.96
 77.07
 77.19
 77.30
 77.42
 77.53
 77.64
 77.76
 77.87
 77.99
 78.10
 78.22
 78.33
 78.44
 78.56
 78.67
 78.79
 78.90
 79.01
 79.13
 79.24
 79.36
 79.47
 79.59
 79.70
 79.81
 79.93
 80.04
 80.16
 80.27
 80.38
 80.50
 80.61
 80.73
 80.84
 80.96
 81.07
 81.18
 81.30
 81.41
 81.53
 81.64
 81.75
 81.87
 81.98
 82.10
 82.21
 82.32
 82.44
 82.55
 82.67
 82.78
 82.90
 83.01
 83.12
 83.24
 83.35
 83.47
 83.58
 83.69
 83.81
 83.92
 84.04
 84.15
 84.27
 84.38
 84.49
 84.61
 84.72
 84.84
 84.95
 85.06
 85.18
 85.29
 85.41
 85.52
 85.64
 85.75
 85.86
 85.98
 86.09
 86.21
 86.32
 86.43
 86.55
 86.66
 86.78
 86.89
 87.01
 87.12
 87.23
 87.35
 87.46
 87.58
 87.69
 87.80
 87.92
 88.03
 88.15
 88.26
 88.38
 88.49
 88.60
 88.72
 88.83
 88.95
 89.06
 89.17
 89.29
 89.40
 89.52
 89.63
 89.75
 89.86
 89.97
 90.09
 90.20
 90.32
 90.43
 90.54
 90.66
 90.77
 90.89
 91.00
 91.11
 91.23
 91.34
 91.46
 91.57
 91.69
 91.80
 91.91
 92.03
 92.14
 92.26
 92.37
 92.48
 92.60
 92.71
 92.83
 92.94
 93.06
 93.17
 93.28
 93.40
 93.51
 93.63
 93.74
 93.85
 93.97
 94.08
 94.20
 94.31
 94.43
 94.54
 94.65
 94.77
 94.88
 95.00
 95.11
 95.22
 95.34
 95.45
 95.57
 95.68
 95.80
 95.91
 96.02
 96.14
 96.25
 96.37
 96.48
 96.59
 96.71
 96.82
 96.94
 97.05
 97.17
 97.28
 97.39
 97.51
 97.62
 97.74
 97.85
 97.96
 98.08
 98.19
 98.31
 98.42
 98.54
 98.65
 98.76
 98.88
 98.99
 99.11
 99.22
 99.33
 99.45
 99.56
 99.68
 99.79
 99.90
100.00
==> 1AY7/1AY7R.pdb + 1AY7/1AY7L.pdb DOCKING RUNTIME:  0:10:59:15 
                             SDOCK2.0
  Global Protein-Protein Docking Using Stepwise Force-Field Potentials   
 Copyright (c) 2024 Molecular design lab in Peking university, Beijing, China

 build : build models according to the docking records.
==> The complex model 1AY7/model/SDOCK_1AY7_0066_001.pdb is built!
                             SDOCK2.0
  Global Protein-Protein Docking Using Stepwise Force-Field Potentials   
 Copyright (c) 2024 Molecular design lab in Peking university, Beijing, China

 sdock: protein-protein docking and save results.
  0.02
  0.13
  0.25
  0.36
  0.48
  0.59
  0.70
  0.82
  0.93
  1.05
  1.16
  1.27
  1.39
  1.50
  1.62
  1.73
  1.85
  1.96
  2.07
  2.19
  2.30
  2.42
  2.53
  2.64
  2.76
  2.87
  2.99
  3.10
  3.22
  3.33
  3.44
  3.56
  3.67
  3.79
  3.90
  4.01
  4.13
  4.24
  4.36
  4.47
  4.59
  4.70
  4.81
  4.93
  5.04
  5.16
  5.27
  5.38
  5.50
  5.61
  5.73
  5.84
  5.96
  6.07
  6.18
  6.30
  6.41
  6.53
  6.64
  6.75
  6.87
  6.98
  7.10
  7.21
  7.32
  7.44
  7.55
  7.67
  7.78
  7.90
  8.01
  8.12
  8.24
  8.35
  8.47
  8.58
  8.69
  8.81
  8.92
  9.04
  9.15
  9.27
  9.38
  9.49
  9.61
  9.72
  9.84
  9.95
 10.06
 10.18
 10.29
 10.41
 10.52
 10.64
 10.75
 10.86
 10.98
 11.09
 11.21
 11.32
 11.43
 11.55
 11.66
 11.78
 11.89
 12.01
 12.12
 12.23
 12.35
 12.46
 12.58
 12.69
 12.80
 12.92
 13.03
 13.15
 13.26
 13.38
 13.49
 13.60
 13.72
 13.83
 13.95
 14.06
 14.17
 14.29
 14.40
 14.52
 14.63
 14.75
 14.86
 14.97
 15.09
 15.20
 15.32
 15.43
 15.54
 15.66
 15.77
 15.89
 16.00
 16.11
 16.23
 16.34
 16.46
 16.57
 16.69
 16.80
 16.91
 17.03
 17.14
 17.26
 17.37
 17.48
 17.60
 17.71
 17.83
 17.94
 18.06
 18.17
 18.28
 18.40
 18.51
 18.63
 18.74
 18.85
 18.97
 19.08
 19.20
 19.31
 19.43
 19.54
 19.65
 19.77
 19.88
 20.00
 20.11
 20.22
 20.34
 20.45
 20.57
 20.68
 20.80
 20.91
 21.02
 21.14
 21.25
 21.37
 21.48
 21.59
 21.71
 21.82
 21.94
 22.05
 22.17
 22.28
 22.39
 22.51
 22.62
 22.74
 22.85
 22.96
 23.08
 23.19
 23.31
 23.42
 23.54
 23.65
 23.76
 23.88
 23.99
 24.11
 24.22
 24.33
 24.45
 24.56
 24.68
 24.79
 24.90
 25.02
 25.13
 25.25
 25.36
 25.48
 25.59
 25.70
 25.82
 25.93
 26.05
 26.16
 26.27
 26.39
 26.50
 26.62
 26.73
 26.85
 26.96
 27.07
 27.19
 27.30
 27.42
 27.53
 27.64
 27.76
 27.87
 27.99
 28.10
 28.22
 28.33
 28.44
 28.56
 28.67
 28.79
 28.90
 29.01
 29.13
 29.24
 29.36
 29.47
 29.59
 29.70
 29.81
 29.93
 30.04
 30.16
 30.27
 30.38
 30.50
 30.61
 30.73
 30.84
 30.96
 31.07
 31.18
 31.30
 31.41
 31.53
 31.64
 31.75
 31.87
 31.98
 32.10
 32.21
 32.32
 32.44
 32.55
 32.67
 32.78
 32.90
 33.01
 33.12
 33.24
 33.35
 33.47
 33.58
 33.69
 33.81
 33.92
 34.04
 34.15
 34.27
 34.38
 34.49
 34.61
 34.72
 34.84
 34.95
 35.06
 35.18
 35.29
 35.41
 35.52
 35.64
 35.75
 35.86
 35.98
 36.09
 36.21
 36.32
 36.43
 36.55
 36.66
 36.78
 36.89
 37.01
 37.12
 37.23
 37.35
 37.46
 37.58
 37.69
 37.80
 37.92
 38.03
 38.15
 38.26
 38.38
 38.49
 38.60
 38.72
 38.83
 38.95
 39.06
 39.17
 39.29
 39.40
 39.52
 39.63
 39.75
 39.86
 39.97
 40.09
 40.20
 40.32
 40.43
 40.54
 40.66
 40.77
 40.89
 41.00
 41.11
 41.23
 41.34
 41.46
 41.57
 41.69
 41.80
 41.91
 42.03
 42.14
 42.26
 42.37
 42.48
 42.60
 42.71
 42.83
 42.94
 43.06
 43.17
 43.28
 43.40
 43.51
 43.63
 43.74
 43.85
 43.97
 44.08
 44.20
 44.31
 44.43
 44.54
 44.65
 44.77
 44.88
 45.00
 45.11
 45.22
 45.34
 45.45
 45.57
 45.68
 45.80
 45.91
 46.02
 46.14
 46.25
 46.37
 46.48
 46.59
 46.71
 46.82
 46.94
 47.05
 47.17
 47.28
 47.39
 47.51
 47.62
 47.74
 47.85
 47.96
 48.08
 48.19
 48.31
 48.42
 48.54
 48.65
 48.76
 48.88
 48.99
 49.11
 49.22
 49.33
 49.45
 49.56
 49.68
 49.79
 49.90
 50.02
 50.13
 50.25
 50.36
 50.48
 50.59
 50.70
 50.82
 50.93
 51.05
 51.16
 51.27
 51.39
 51.50
 51.62
 51.73
 51.85
 51.96
 52.07
 52.19
 52.30
 52.42
 52.53
 52.64
 52.76
 52.87
 52.99
 53.10
 53.22
 53.33
 53.44
 53.56
 53.67
 53.79
 53.90
 54.01
 54.13
 54.24
 54.36
 54.47
 54.59
 54.70
 54.81
 54.93
 55.04
 55.16
 55.27
 55.38
 55.50
 55.61
 55.73
 55.84
 55.96
 56.07
 56.18
 56.30
 56.41
 56.53
 56.64
 56.75
 56.87
 56.98
 57.10
 57.21
 57.32
 57.44
 57.55
 57.67
 57.78
 57.90
 58.01
 58.12
 58.24
 58.35
 58.47
 58.58
 58.69
 58.81
 58.92
 59.04
 59.15
 59.27
 59.38
 59.49
 59.61
 59.72
 59.84
 59.95
 60.06
 60.18
 60.29
 60.41
 60.52
 60.64
 60.75
 60.86
 60.98
 61.09
 61.21
 61.32
 61.43
 61.55
 61.66
 61.78
 61.89
 62.01
 62.12
 62.23
 62.35
 62.46
 62.58
 62.69
 62.80
 62.92
 63.03
 63.15
 63.26
 63.38
 63.49
 63.60
 63.72
 63.83
 63.95
 64.06
 64.17
 64.29
 64.40
 64.52
 64.63
 64.75
 64.86
 64.97
 65.09
 65.20
 65.32
 65.43
 65.54
 65.66
 65.77
 65.89
 66.00
 66.11
 66.23
 66.34
 66.46
 66.57
 66.69
 66.80
 66.91
 67.03
 67.14
 67.26
 67.37
 67.48
 67.60
 67.71
 67.83
 67.94
 68.06
 68.17
 68.28
 68.40
 68.51
 68.63
 68.74
 68.85
 68.97
 69.08
 69.20
 69.31
 69.43
 69.54
 69.65
 69.77
 69.88
 70.00
 70.11
 70.22
 70.34
 70.45
 70.57
 70.68
 70.80
 70.91
 71.02
 71.14
 71.25
 71.37
 71.48
 71.59
 71.71
 71.82
 71.94
 72.05
 72.17
 72.28
 72.39
 72.51
 72.62
 72.74
 72.85
 72.96
 73.08
 73.19
 73.31
 73.42
 73.54
 73.65
 73.76
 73.88
 73.99
 74.11
 74.22
 74.33
 74.45
 74.56
 74.68
 74.79
 74.90
 75.02
 75.13
 75.25
 75.36
 75.48
 75.59
 75.70
 75.82
 75.93
 76.05
 76.16
 76.27
 76.39
 76.50
 76.62
 76.73
 76.85
 76.96
 77.07
 77.19
 77.30
 77.42
 77.53
 77.64
 77.76
 77.87
 77.99
 78.10
 78.22
 78.33
 78.44
 78.56
 78.67
 78.79
 78.90
 79.01
 79.13
 79.24
 79.36
 79.47
 79.59
 79.70
 79.81
 79.93
 80.04
 80.16
 80.27
 80.38
 80.50
 80.61
 80.73
 80.84
 80.96
 81.07
 81.18
 81.30
 81.41
 81.53
 81.64
 81.75
 81.87
 81.98
 82.10
 82.21
 82.32
 82.44
 82.55
 82.67
 82.78
 82.90
 83.01
 83.12
 83.24
 83.35
 83.47
 83.58
 83.69
 83.81
 83.92
 84.04
 84.15
 84.27
 84.38
 84.49
 84.61
 84.72
 84.84
 84.95
 85.06
 85.18
 85.29
 85.41
 85.52
 85.64
 85.75
 85.86
 85.98
 86.09
 86.21
 86.32
 86.43
 86.55
 86.66
 86.78
 86.89
 87.01
 87.12
 87.23
 87.35
 87.46
 87.58
 87.69
 87.80
 87.92
 88.03
 88.15
 88.26
 88.38
 88.49
 88.60
 88.72
 88.83
 88.95
 89.06
 89.17
 89.29
 89.40
 89.52
 89.63
 89.75
 89.86
 89.97
 90.09
 90.20
 90.32
 90.43
 90.54
 90.66
 90.77
 90.89
 91.00
 91.11
 91.23
 91.34
 91.46
 91.57
 91.69
 91.80
 91.91
 92.03
 92.14
 92.26
 92.37
 92.48
 92.60
 92.71
 92.83
 92.94
 93.06
 93.17
 93.28
 93.40
 93.51
 93.63
 93.74
 93.85
 93.97
 94.08
 94.20
 94.31
 94.43
 94.54
 94.65
 94.77
 94.88
 95.00
 95.11
 95.22
 95.34
 95.45
 95.57
 95.68
 95.80
 95.91
 96.02
 96.14
 96.25
 96.37
 96.48
 96.59
 96.71
 96.82
 96.94
 97.05
 97.17
 97.28
 97.39
 97.51
 97.62
 97.74
 97.85
 97.96
 98.08
 98.19
 98.31
 98.42
 98.54
 98.65
 98.76
 98.88
 98.99
 99.11
 99.22
 99.33
 99.45
 99.56
 99.68
 99.79
 99.90
100.00
==> 1AY7/1AY7R.pdb + 1AY7/1AY7L.pdb DOCKING RUNTIME:  0:11:54:40 
                             SDOCK2.0
  Global Protein-Protein Docking Using Stepwise Force-Field Potentials   
 Copyright (c) 2024 Molecular design lab in Peking university, Beijing, China

 build : build models according to the docking records.
==> The complex model 1AY7/model/SDOCK_1ay7_0066_001.pdb is built!
